,epochs,loss,accuracy,auc,val_loss,val_accuracy,val_auc
0,1,1.8285,0.2144,0.5213,1.7635,0.2451,0.5617
1,2,1.6975,0.2301,0.5345,1.6622,0.2506,0.5727
2,3,1.6474,0.2327,0.5476,1.6753,0.2498,0.568
3,4,1.6114,0.2533,0.5696,1.5968,0.2867,0.5975
4,5,1.6035,0.2364,0.5659,1.5536,0.2726,0.6083
5,6,1.5795,0.2729,0.5899,1.5546,0.2867,0.6119
6,7,1.5775,0.2547,0.588,1.5401,0.2938,0.6254
7,8,1.56,0.2776,0.6046,1.519,0.3323,0.6466
8,9,1.5538,0.2826,0.6096,1.5379,0.315,0.6395
9,10,1.5601,0.2706,0.6009,1.5099,0.3346,0.6609
10,11,1.5447,0.2889,0.6177,1.5227,0.3339,0.6451
11,12,1.5404,0.2866,0.6254,1.5034,0.3362,0.6587
12,13,1.5371,0.2952,0.6281,1.5025,0.3401,0.6715
13,14,1.5258,0.3009,0.637,1.4941,0.3284,0.6671
14,15,1.528,0.3042,0.6339,1.4898,0.3606,0.6741
15,16,1.5232,0.3012,0.6363,1.4872,0.3417,0.669
16,17,1.5161,0.3201,0.6447,1.4934,0.3472,0.6751
17,18,1.5118,0.3078,0.6452,1.4659,0.37,0.7017
18,19,1.5049,0.3211,0.6522,1.4445,0.3755,0.7076
19,20,1.4915,0.3275,0.6632,1.4425,0.3794,0.7023
20,21,1.4927,0.3311,0.6625,1.43,0.403,0.7255
21,22,1.4919,0.3374,0.6632,1.4638,0.3417,0.6842
22,23,1.4743,0.3358,0.676,1.4008,0.4046,0.7296
23,24,1.4852,0.3481,0.6692,1.4214,0.3998,0.7161
24,25,1.4705,0.3361,0.6782,1.3928,0.4069,0.7368
25,26,1.4704,0.3354,0.6754,1.436,0.3778,0.7003
26,27,1.4648,0.3494,0.6823,1.3989,0.3928,0.7347
27,28,1.442,0.3484,0.6959,1.4036,0.4203,0.7257
28,29,1.4583,0.3497,0.6857,1.3761,0.4203,0.7433
29,30,1.4367,0.3554,0.6954,1.3839,0.4156,0.7349
30,31,1.4346,0.3674,0.6972,1.3377,0.4493,0.7655
31,32,1.43,0.3527,0.7015,1.3952,0.3755,0.7218
32,33,1.4361,0.3727,0.6984,1.3218,0.4391,0.7658
33,34,1.421,0.367,0.7088,1.3536,0.4124,0.7461
34,35,1.4178,0.3767,0.7074,1.3585,0.4234,0.7404
35,36,1.4071,0.3767,0.7172,1.3621,0.4556,0.7677
36,37,1.4086,0.3836,0.7143,1.4073,0.4093,0.7188
37,38,1.4177,0.3677,0.7088,1.3126,0.4485,0.7733
38,39,1.3871,0.3793,0.7243,1.3845,0.4273,0.7386
39,40,1.3844,0.3836,0.7254,1.2838,0.4627,0.7801
40,41,1.3862,0.3926,0.7247,1.2301,0.4886,0.8111
41,42,1.3843,0.3896,0.7256,1.359,0.4187,0.7375
42,43,1.3724,0.3876,0.7311,1.3598,0.3881,0.7379
43,44,1.3743,0.3983,0.7298,1.2561,0.4831,0.7941
44,45,1.3569,0.4006,0.7401,1.2616,0.458,0.7871
45,46,1.3599,0.393,0.7346,1.2565,0.4666,0.7863
46,47,1.3601,0.4016,0.7364,1.3124,0.403,0.7659
47,48,1.35,0.4006,0.742,1.205,0.5247,0.8169
48,49,1.3369,0.4112,0.7473,1.204,0.5224,0.8219
49,50,1.3396,0.4212,0.7503,1.2414,0.487,0.8088
50,51,1.3119,0.4305,0.7598,1.2251,0.502,0.8091
51,52,1.3236,0.4122,0.752,1.213,0.4831,0.8114
52,53,1.3225,0.4249,0.7562,1.1347,0.5483,0.8367
53,54,1.3049,0.4285,0.763,1.255,0.4635,0.7865
54,55,1.2977,0.4299,0.764,1.3027,0.4533,0.7678
55,56,1.3096,0.4142,0.7608,1.1961,0.531,0.8194
56,57,1.2812,0.4318,0.7729,1.1459,0.5672,0.8497
57,58,1.289,0.4358,0.7698,1.0994,0.5829,0.8604
58,59,1.2975,0.4378,0.7665,1.1687,0.5027,0.8183
59,60,1.2903,0.4309,0.7673,1.2211,0.4949,0.7982
60,61,1.2879,0.4315,0.7681,1.0866,0.5585,0.8523
61,62,1.2545,0.4545,0.782,1.2099,0.4965,0.802
62,63,1.2523,0.4644,0.7838,1.1045,0.5436,0.8398
63,64,1.2598,0.4491,0.7808,1.137,0.5365,0.8321
64,65,1.2681,0.4395,0.7786,1.169,0.4988,0.8151
65,66,1.2499,0.4594,0.7842,1.1171,0.5475,0.8459
66,67,1.2512,0.4548,0.7856,1.1793,0.5515,0.8282
67,68,1.225,0.4628,0.7935,1.1805,0.4863,0.8161
68,69,1.2264,0.4598,0.7924,1.1434,0.531,0.8259
69,70,1.2531,0.4488,0.7838,1.2288,0.4855,0.7995
70,71,1.2466,0.4458,0.7843,0.99,0.5797,0.874
71,72,1.2243,0.4551,0.7932,1.1331,0.5467,0.835
72,73,1.2275,0.4478,0.794,1.2069,0.502,0.8076
73,74,1.2396,0.4641,0.7882,1.0264,0.6064,0.8822
74,75,1.2024,0.4694,0.8019,1.2216,0.4713,0.798
75,76,1.2317,0.4545,0.7928,1.0416,0.5734,0.8596
76,77,1.2001,0.4697,0.8021,1.0706,0.5711,0.851
77,78,1.2178,0.4701,0.7978,1.0425,0.5939,0.8768
78,79,1.1729,0.486,0.8116,0.9818,0.6072,0.8839
79,80,1.1809,0.4817,0.8104,0.9978,0.6002,0.8821
80,81,1.1609,0.5027,0.8176,1.0405,0.5436,0.8575
81,82,1.1736,0.4801,0.8134,0.9694,0.6261,0.8885
82,83,1.1723,0.485,0.8133,0.9794,0.5899,0.8776
83,84,1.1774,0.4844,0.8124,1.1747,0.4894,0.8163
84,85,1.1692,0.4904,0.8162,1.0235,0.5852,0.8648
85,86,1.1536,0.4897,0.8226,0.9994,0.6214,0.8934
86,87,1.1557,0.483,0.8184,1.2362,0.5302,0.805
87,88,1.1636,0.5007,0.818,0.9939,0.5939,0.8725
88,89,1.127,0.507,0.8288,1.0101,0.5892,0.8678
89,90,1.1664,0.4904,0.816,0.9118,0.6308,0.8979
90,91,1.1489,0.5083,0.8246,1.0029,0.6057,0.8714
91,92,1.1526,0.499,0.8211,1.2469,0.509,0.8206
92,93,1.1367,0.5,0.8237,0.9584,0.5892,0.8813
93,94,1.1539,0.4927,0.817,0.9733,0.63,0.8918
94,95,1.1178,0.504,0.8298,1.0112,0.5954,0.874
95,96,1.1261,0.493,0.8277,1.0363,0.5868,0.8612
96,97,1.1154,0.5253,0.8329,1.0353,0.5436,0.8571
97,98,1.1266,0.518,0.8282,0.9754,0.6284,0.8887
98,99,1.0968,0.5359,0.8387,0.9842,0.5774,0.8747
99,100,1.12,0.516,0.8324,0.7964,0.6756,0.9276
100,101,1.0987,0.513,0.8368,0.9433,0.6222,0.892
101,102,1.0968,0.5256,0.8396,1.1176,0.5436,0.8452
102,103,1.1075,0.5176,0.8348,0.9103,0.6379,0.8987
103,104,1.1065,0.5163,0.8365,0.9049,0.6261,0.8965
104,105,1.0832,0.5286,0.8416,1.282,0.4815,0.8051
105,106,1.0817,0.5319,0.844,0.829,0.674,0.9184
106,107,1.095,0.5219,0.839,0.8015,0.6866,0.923
107,108,1.1095,0.5136,0.8344,0.9979,0.5829,0.8722
108,109,1.08,0.5216,0.8432,1.0076,0.5907,0.8659
109,110,1.0708,0.5342,0.8475,0.9332,0.6277,0.8884
110,111,1.088,0.5266,0.8419,0.882,0.6638,0.9063
111,112,1.0734,0.5259,0.8456,0.8731,0.6881,0.9227
112,113,1.0569,0.5542,0.8518,0.8802,0.6355,0.903
113,114,1.0711,0.5332,0.847,0.8872,0.6481,0.8994
114,115,1.0802,0.5336,0.8467,0.8426,0.6614,0.9133
0,1,0.9811,0.5711,0.8728,0.9489,0.6441,0.8845
1,2,0.9785,0.5721,0.8724,0.8754,0.6905,0.9212
2,3,1.0036,0.5688,0.8662,0.8236,0.6779,0.9197
3,4,1.0025,0.5535,0.8656,0.8235,0.7125,0.9244
4,5,0.971,0.5738,0.8753,0.8814,0.6551,0.9041
5,6,0.9489,0.5811,0.8798,1.0022,0.5734,0.8667
6,7,0.9627,0.5758,0.8776,0.8955,0.6866,0.9287
7,8,0.9703,0.5775,0.8749,0.8819,0.6363,0.8994
8,9,0.9556,0.5921,0.8789,1.1864,0.5577,0.8299
9,10,0.9215,0.5805,0.8881,0.8226,0.6795,0.9146
10,11,0.9686,0.5844,0.8747,0.8662,0.6677,0.9088
11,12,0.9979,0.5585,0.8652,0.7296,0.7384,0.9471
12,13,0.9446,0.5848,0.8818,0.7665,0.7526,0.9459
13,14,0.9112,0.5987,0.8895,0.7227,0.7384,0.9436
14,15,0.949,0.5795,0.8803,0.7804,0.7251,0.9376
15,16,0.9346,0.6107,0.8845,0.8541,0.6654,0.9141
16,17,0.9312,0.5911,0.8856,0.732,0.7313,0.9469
17,18,0.9284,0.6037,0.8865,0.733,0.7219,0.9403
18,19,0.9297,0.5938,0.8853,0.8388,0.6771,0.9095
19,20,0.9337,0.5984,0.8843,0.7602,0.7164,0.9301
20,21,0.8988,0.6001,0.893,0.7457,0.7015,0.932
21,22,0.9769,0.5741,0.8741,0.7936,0.6795,0.9255
22,23,0.9539,0.5781,0.8788,0.6926,0.7384,0.9504
23,24,0.9188,0.6134,0.8883,0.871,0.6701,0.9084
24,25,0.9045,0.6037,0.8916,0.894,0.63,0.8978
25,26,0.9163,0.6094,0.8885,0.7591,0.6999,0.9313
26,27,0.9594,0.5828,0.8784,0.7497,0.6834,0.9298
27,28,0.9065,0.5977,0.8917,0.8871,0.6724,0.9055
28,29,0.8784,0.6107,0.8986,0.7996,0.6583,0.9182
29,30,0.8888,0.6037,0.8951,0.6409,0.7463,0.9514
30,31,0.8585,0.6313,0.903,0.7239,0.7565,0.9535
31,32,0.9019,0.6064,0.894,0.978,0.6174,0.8778
32,33,0.9064,0.5991,0.8904,0.6917,0.7258,0.9393
33,34,0.8836,0.614,0.8966,0.6797,0.729,0.9444
34,35,0.9119,0.5911,0.8883,0.7369,0.6952,0.9317
35,36,0.8685,0.6174,0.8994,0.63,0.7494,0.9546
36,37,0.8711,0.6104,0.9001,0.6886,0.7164,0.9395
37,38,0.9009,0.6004,0.8926,0.8987,0.6481,0.8986
38,39,0.8682,0.6233,0.8993,0.845,0.6646,0.9074
39,40,0.8689,0.6223,0.9009,0.9004,0.6669,0.8998
40,41,0.9035,0.6117,0.8922,0.8494,0.6787,0.911
41,42,0.8718,0.6117,0.8993,0.7693,0.6984,0.9307
42,43,0.8577,0.62,0.9017,0.8143,0.6724,0.915
43,44,0.8879,0.6084,0.8956,0.6424,0.7298,0.9484
44,45,0.8747,0.6067,0.8979,0.5752,0.7573,0.9586
45,46,0.9106,0.6031,0.8906,0.7228,0.7494,0.9436
46,47,0.8352,0.6293,0.9087,0.7024,0.7361,0.9421
47,48,0.8887,0.615,0.8961,0.5911,0.7848,0.964
48,49,0.8653,0.6184,0.9012,1.2253,0.5263,0.8501
49,50,0.8763,0.6087,0.8982,0.6609,0.7431,0.9448
50,51,0.8845,0.6144,0.8959,0.9221,0.6198,0.9032
51,52,0.8526,0.611,0.903,0.7256,0.7141,0.9361
52,53,0.8716,0.611,0.8989,0.7152,0.7203,0.9422
53,54,0.8662,0.6164,0.9014,0.6003,0.7714,0.9591
54,55,0.8693,0.6164,0.9002,0.5063,0.813,0.9719
55,56,0.8394,0.625,0.9067,0.6788,0.7612,0.9486
56,57,0.8353,0.632,0.9074,0.6299,0.8233,0.969
57,58,0.8039,0.6473,0.9144,0.7008,0.6984,0.9379
58,59,0.8599,0.6263,0.9016,0.6417,0.751,0.9532
59,60,0.8336,0.6237,0.9069,0.5683,0.7918,0.9648
60,61,0.8593,0.617,0.9027,0.5536,0.806,0.9664
61,62,0.8213,0.641,0.911,0.6091,0.7486,0.9551
62,63,0.8297,0.637,0.9098,0.5605,0.7745,0.9619
63,64,0.8821,0.615,0.8969,0.5222,0.8075,0.9706
64,65,0.8192,0.638,0.9112,1.0627,0.5538,0.8562
65,66,0.8245,0.6277,0.91,0.8699,0.6473,0.9071
66,67,0.8092,0.6353,0.9132,0.5078,0.8115,0.9705
67,68,0.8238,0.6253,0.91,0.5579,0.7808,0.9645
68,69,0.831,0.636,0.9085,0.7091,0.7227,0.9356
69,70,0.8669,0.6097,0.9,0.711,0.6936,0.9355
70,71,0.8433,0.63,0.9059,0.7991,0.6748,0.9166
71,72,0.8278,0.6293,0.9095,1.2142,0.5491,0.847
72,73,0.8272,0.636,0.9091,1.2317,0.535,0.845
73,74,0.7904,0.6566,0.918,0.6598,0.751,0.9445
74,75,0.7915,0.641,0.918,0.6437,0.7824,0.962
75,1,0.8988,0.612,0.894,0.5536,0.7816,0.9609
76,2,0.8418,0.6356,0.9061,0.5528,0.7887,0.9621
77,3,0.8602,0.6263,0.9032,0.6898,0.7235,0.9405
78,4,0.8723,0.612,0.8989,0.6594,0.7628,0.9458
79,5,0.8499,0.633,0.9051,0.6681,0.7439,0.9432
80,6,0.8353,0.633,0.9082,0.8915,0.6826,0.9212
81,7,0.825,0.6353,0.9111,0.7707,0.7086,0.9307
82,8,0.862,0.6124,0.9014,0.666,0.7368,0.9436
83,9,0.8295,0.634,0.9093,0.6428,0.7455,0.9478
84,10,0.8322,0.6383,0.9092,0.6279,0.74,0.951
85,11,0.8234,0.6443,0.9107,0.6354,0.7745,0.9493
86,12,0.8417,0.6237,0.9056,0.7252,0.7038,0.9335
87,13,0.8486,0.6376,0.9062,0.7249,0.7463,0.937
88,14,0.8355,0.632,0.908,0.5475,0.7871,0.962
89,15,0.8496,0.634,0.9056,1.2289,0.5782,0.8658
90,16,0.8598,0.6273,0.9029,1.2925,0.5719,0.8629
91,17,0.834,0.6456,0.9106,0.7505,0.6944,0.927
92,18,0.8652,0.6134,0.9003,0.5712,0.7848,0.9588
93,19,0.8161,0.641,0.9126,0.6225,0.7604,0.9533
94,20,0.844,0.629,0.9062,0.428,0.8515,0.9838
95,21,0.835,0.6406,0.9088,0.6541,0.729,0.9459
96,22,0.8489,0.6287,0.9055,0.5534,0.7683,0.9605
97,23,0.8561,0.6313,0.9043,0.5301,0.8162,0.9707
98,24,0.8354,0.6383,0.9081,0.7281,0.7203,0.9331
99,25,0.8574,0.631,0.905,0.8083,0.7031,0.9282
100,26,0.8302,0.6383,0.9087,0.8374,0.6418,0.9146
101,27,0.8157,0.642,0.912,0.4817,0.8193,0.9723
102,28,0.8158,0.641,0.9131,0.6486,0.7337,0.9468
103,29,0.8254,0.6303,0.9098,0.7149,0.7345,0.9397
104,30,0.8285,0.6516,0.9101,0.5625,0.7643,0.9592
105,31,0.8555,0.6336,0.9042,0.6969,0.7251,0.9374
106,32,0.832,0.6346,0.9094,0.7355,0.7156,0.939
107,33,0.8184,0.6506,0.9135,0.9725,0.6544,0.9088
108,34,0.8318,0.6346,0.9104,0.5744,0.762,0.9592
109,35,0.8307,0.6456,0.9103,1.0191,0.6355,0.9008
110,36,0.8257,0.6433,0.9106,0.7265,0.7062,0.9333
111,37,0.8328,0.643,0.9103,0.5496,0.7879,0.9622
112,38,0.8385,0.6396,0.9086,0.5777,0.769,0.9574
113,39,0.8094,0.6526,0.9137,0.5004,0.8162,0.9734
114,40,0.8127,0.6446,0.9127,0.8015,0.6787,0.9251
