,loss,accuracy,auc,val_loss,val_accuracy,val_auc,lr
0,2.084784507751465,0.16558441519737244,0.47828370332717896,6.962668418884277,0.20849420130252838,0.5032129883766174,0.001
1,1.868166446685791,0.20941558480262756,0.5039396286010742,3.642277717590332,0.22007721662521362,0.505778431892395,0.001
2,1.7977542877197266,0.19399350881576538,0.508868932723999,2.977320909500122,0.1660231649875641,0.4949408173561096,0.001
3,1.750704050064087,0.20292207598686218,0.5061771273612976,2.571831226348877,0.21042470633983612,0.519837498664856,0.001
4,1.73353910446167,0.1875,0.4927142560482025,2.237912893295288,0.2528957426548004,0.5415436029434204,0.001
5,1.6951210498809814,0.19480518996715546,0.4979841411113739,1.7985074520111084,0.2277992218732834,0.5353923439979553,0.001
6,1.6724261045455933,0.22077922523021698,0.5070865154266357,1.729698657989502,0.21621622145175934,0.532932698726654,0.001
7,1.6483508348464966,0.21022726595401764,0.5239661931991577,1.623128056526184,0.22007721662521362,0.5395128726959229,0.001
8,1.6427291631698608,0.21672077476978302,0.5294865965843201,1.584175944328308,0.2335907369852066,0.5740308165550232,0.001
9,1.6353466510772705,0.2086038887500763,0.5285475850105286,1.597679615020752,0.2625482678413391,0.5717509388923645,0.001
10,1.6215256452560425,0.22727273404598236,0.5357876420021057,1.6096256971359253,0.21235521137714386,0.5093631744384766,0.001
11,1.6343038082122803,0.23376622796058655,0.5227845907211304,1.657881736755371,0.24131274223327637,0.5431870818138123,0.001
12,1.6201280355453491,0.2199675291776657,0.5338308811187744,1.6175740957260132,0.19691120088100433,0.5005418062210083,0.001
13,1.6150609254837036,0.2353896051645279,0.5332921147346497,1.7879035472869873,0.26833978295326233,0.5573467016220093,0.001
14,1.6079421043395996,0.2443181872367859,0.5457970499992371,1.6396238803863525,0.2335907369852066,0.5365216135978699,0.001
15,1.6001348495483398,0.24350649118423462,0.5539295673370361,1.5783281326293945,0.22586873173713684,0.5743368864059448,0.001
16,1.6007219552993774,0.24837662279605865,0.5495262145996094,1.7648396492004395,0.23166023194789886,0.5415855050086975,0.001
17,1.6053622961044312,0.2321428507566452,0.5397589802742004,1.6015504598617554,0.21621622145175934,0.5486096143722534,0.001
18,1.5966838598251343,0.24350649118423462,0.5585179328918457,1.601231336593628,0.2277992218732834,0.5532146692276001,0.001
19,1.5948219299316406,0.2378246784210205,0.5554535388946533,1.5966148376464844,0.2528957426548004,0.5534712672233582,0.001
20,1.598809838294983,0.25730520486831665,0.5587260723114014,1.716687560081482,0.20270270109176636,0.5337548851966858,0.001
21,1.5902000665664673,0.27191558480262756,0.568257749080658,1.5598713159561157,0.3050193190574646,0.623538613319397,0.001
22,1.6025193929672241,0.2532467544078827,0.5539510846138,1.6035516262054443,0.22586873173713684,0.5319786071777344,0.001
23,1.5962746143341064,0.2564935088157654,0.5537284016609192,1.5860793590545654,0.25868725776672363,0.5648702383041382,0.001
24,1.5916146039962769,0.25081169605255127,0.5544902682304382,1.5835503339767456,0.24903474748134613,0.562147319316864,0.001
25,1.5910298824310303,0.2532467544078827,0.5667096972465515,1.587403416633606,0.2471042424440384,0.5753771662712097,0.001
26,1.583970069885254,0.26379871368408203,0.5728154182434082,1.5705894231796265,0.2818532884120941,0.6059097051620483,0.001
27,1.5914552211761475,0.23457792401313782,0.5677341222763062,1.5760953426361084,0.2857142984867096,0.6112870573997498,0.001
28,1.5860882997512817,0.25405845046043396,0.573889970779419,1.6456279754638672,0.20270270109176636,0.5341210961341858,0.001
29,1.5864695310592651,0.23133116960525513,0.5698608160018921,1.5661380290985107,0.26061776280403137,0.5935435891151428,0.001
30,1.5804868936538696,0.2589285671710968,0.5693746209144592,1.5730030536651611,0.2915057837963104,0.596137523651123,0.001
31,1.5821963548660278,0.2621753215789795,0.578666090965271,1.6073083877563477,0.20077219605445862,0.524404764175415,0.001
32,1.586457371711731,0.2556818127632141,0.5703290104866028,1.9334462881088257,0.21042470633983612,0.5198342204093933,0.001
33,1.5869836807250977,0.23457792401313782,0.5692320466041565,1.6070384979248047,0.20270270109176636,0.5216962099075317,0.001
34,1.5852347612380981,0.23863635957241058,0.5749949216842651,1.7579891681671143,0.22972972691059113,0.5379014611244202,0.001
35,1.5840998888015747,0.24350649118423462,0.5686594247817993,1.5810250043869019,0.24517375230789185,0.586843729019165,0.001
36,1.5883427858352661,0.24594156444072723,0.571479320526123,1.603284478187561,0.2142857164144516,0.5358219146728516,0.001
37,1.5764857530593872,0.25405845046043396,0.5774402022361755,1.5980231761932373,0.24903474748134613,0.5487186312675476,0.001
38,1.5789443254470825,0.25811687111854553,0.5835850834846497,1.5646785497665405,0.2992278039455414,0.6119393110275269,0.001
39,1.5866349935531616,0.2556818127632141,0.565453290939331,1.5915664434432983,0.2471042424440384,0.5641118884086609,0.001
40,1.5627373456954956,0.27516233921051025,0.5980717539787292,1.5747730731964111,0.2722007632255554,0.5973398089408875,0.001
41,1.5873463153839111,0.24756494164466858,0.5678998827934265,1.877320647239685,0.2239382266998291,0.5300825834274292,0.001
42,1.5714912414550781,0.2670454680919647,0.5822925567626953,1.626907467842102,0.2277992218732834,0.5537605881690979,0.001
43,1.5798954963684082,0.2735389471054077,0.5776625275611877,1.6128149032592773,0.22007721662521362,0.5159317255020142,0.001
44,1.5730042457580566,0.26379871368408203,0.5801103711128235,1.5575079917907715,0.2953667938709259,0.60692298412323,0.001
45,1.5866748094558716,0.24918831884860992,0.5793685913085938,2.1301121711730957,0.24131274223327637,0.5400047898292542,0.001
46,1.5864191055297852,0.25974026322364807,0.5726946592330933,2.366955280303955,0.21814671158790588,0.5379536151885986,0.001
47,1.5782432556152344,0.26948052644729614,0.5866208076477051,1.7302064895629883,0.23552124202251434,0.5647556781768799,0.001
48,1.5741215944290161,0.27272728085517883,0.5801070928573608,1.5887470245361328,0.26833978295326233,0.5691356062889099,0.001
49,1.5720481872558594,0.27191558480262756,0.5878810882568359,1.574598789215088,0.2857142984867096,0.6090520024299622,0.001
50,1.5744245052337646,0.29058441519737244,0.5963722467422485,1.600419521331787,0.21814671158790588,0.5501772165298462,0.001
51,1.571571707725525,0.27516233921051025,0.5875816345214844,2.6560988426208496,0.21621622145175934,0.5338954925537109,0.001
52,1.5594137907028198,0.2824675440788269,0.6051583290100098,1.5745302438735962,0.2509652376174927,0.5869420170783997,0.001
53,1.5727978944778442,0.27516233921051025,0.5915098190307617,8.582647323608398,0.19691120088100433,0.5032539963722229,0.001
54,1.5509629249572754,0.2889610528945923,0.6104622483253479,1.5357884168624878,0.2895752787590027,0.603580892086029,0.001
55,1.5550287961959839,0.2678571343421936,0.6031877994537354,1.6089566946029663,0.24131274223327637,0.5532164573669434,0.001
56,1.560053825378418,0.288149356842041,0.6074027419090271,7.768677234649658,0.20656371116638184,0.5134497284889221,0.001
57,1.5477663278579712,0.30438312888145447,0.6219905614852905,1.6346585750579834,0.22972972691059113,0.541287362575531,0.001
58,1.5419028997421265,0.3035714328289032,0.6171000599861145,8.623968124389648,0.20077219605445862,0.4988241493701935,0.001
59,1.5262049436569214,0.28409090638160706,0.6253857016563416,1.4840699434280396,0.3474903404712677,0.674121618270874,0.001
60,1.5524506568908691,0.2970779240131378,0.626462459564209,1.5355825424194336,0.31660231947898865,0.6336551308631897,0.001
61,1.5441230535507202,0.29626622796058655,0.6177502274513245,1.5782302618026733,0.2471042424440384,0.5769484043121338,0.001
62,1.5482877492904663,0.28977271914482117,0.6265205144882202,1.5293831825256348,0.26447877287864685,0.6244940757751465,0.001
63,1.5286800861358643,0.3100649416446686,0.6368326544761658,4.7218756675720215,0.20270270109176636,0.5158810019493103,0.001
64,1.5410596132278442,0.2970779240131378,0.6212910413742065,1.6851260662078857,0.22007721662521362,0.552064836025238,0.001
65,1.5244675874710083,0.28733766078948975,0.6300495266914368,1.6734637022018433,0.19691120088100433,0.5417722463607788,0.001
66,1.525681495666504,0.2913961112499237,0.6316623687744141,4.939804553985596,0.21042470633983612,0.5234399437904358,0.001
67,1.5164263248443604,0.32061687111854553,0.6546182036399841,1.5343047380447388,0.25868725776672363,0.6214343309402466,0.001
68,1.508423089981079,0.3149350583553314,0.6453450322151184,1.9355072975158691,0.19884170591831207,0.5186043977737427,0.001
69,1.500217080116272,0.3189935088157654,0.6568369269371033,1.5172712802886963,0.2760617733001709,0.6508781909942627,0.001
70,1.4954850673675537,0.31331169605255127,0.6611127257347107,1.546664834022522,0.2664092779159546,0.6098402142524719,0.001
71,1.4989464282989502,0.32224026322364807,0.6592996716499329,1.9501017332077026,0.21235521137714386,0.5487754344940186,0.001
72,1.5030378103256226,0.32224026322364807,0.6573053598403931,1.4623445272445679,0.34942084550857544,0.6939148306846619,0.001
73,1.4779808521270752,0.33198052644729614,0.6791180372238159,1.5798527002334595,0.27413126826286316,0.6103358864784241,0.001
74,1.4589911699295044,0.3327922224998474,0.6783029437065125,1.4360771179199219,0.3610038757324219,0.7110909223556519,0.001
75,1.4978229999542236,0.31655845046043396,0.6636580228805542,1.7477233409881592,0.2335907369852066,0.6110863089561462,0.001
76,1.4591158628463745,0.3181818127632141,0.6912427544593811,1.9137108325958252,0.2432432472705841,0.6012851595878601,0.001
77,1.4686787128448486,0.3336038887500763,0.6804641485214233,1.5510724782943726,0.2818532884120941,0.6266220211982727,0.001
78,1.4556185007095337,0.3246753215789795,0.6919037103652954,1.4955334663391113,0.30308881402015686,0.6558405160903931,0.001
79,1.4770132303237915,0.3311688303947449,0.6849268078804016,1.74872887134552,0.27413126826286316,0.6132799983024597,0.001
80,1.4601298570632935,0.3538961112499237,0.6885404586791992,1.6732295751571655,0.2277992218732834,0.5913485884666443,0.001
81,1.452170491218567,0.33441558480262756,0.6884714961051941,1.6190662384033203,0.3204633295536041,0.6543781757354736,0.001
82,1.4443514347076416,0.35876622796058655,0.6953297257423401,1.4949767589569092,0.31660231947898865,0.6632056832313538,0.001
83,1.4303123950958252,0.3490259647369385,0.706035315990448,1.7290626764297485,0.21621622145175934,0.5791701078414917,0.001
84,1.4423104524612427,0.3628246784210205,0.6985929012298584,1.3590490818023682,0.41698840260505676,0.7396914958953857,0.001
85,1.4373654127120972,0.35308441519737244,0.7007413506507874,1.9996936321258545,0.25482624769210815,0.6000427603721619,0.001
86,1.4310225248336792,0.35308441519737244,0.7096858620643616,1.4058047533035278,0.3667953610420227,0.7242928147315979,0.001
87,1.4426640272140503,0.3482142984867096,0.7060686945915222,1.3305540084838867,0.3861003816127777,0.7573084235191345,0.001
88,1.4232573509216309,0.34659090638160706,0.7131146192550659,1.8350566625595093,0.25868725776672363,0.614503800868988,0.001
89,1.4201234579086304,0.3482142984867096,0.7111681699752808,1.3797122240066528,0.39382240176200867,0.7410672307014465,0.001
90,1.3951743841171265,0.37662336230278015,0.7283188104629517,1.2926005125045776,0.4092664122581482,0.7748114466667175,0.001
91,1.3930649757385254,0.36201298236846924,0.72584068775177,1.767186164855957,0.2509652376174927,0.600620448589325,0.001
92,1.4047130346298218,0.37337663769721985,0.7198089361190796,1.7806910276412964,0.2567567527294159,0.599104106426239,0.001
93,1.3900785446166992,0.37905845046043396,0.7291731834411621,1.693924069404602,0.2567567527294159,0.6109377145767212,0.001
94,1.3853873014450073,0.37094154953956604,0.7279192805290222,1.4065731763839722,0.3629343509674072,0.7139172554016113,0.001
95,1.4012240171432495,0.36201298236846924,0.7184392213821411,1.4793615341186523,0.3185328245162964,0.69654780626297,0.001
96,1.3630638122558594,0.3774350583553314,0.7439015507698059,1.5029916763305664,0.34555983543395996,0.6881541013717651,0.001
97,1.3758476972579956,0.3693181872367859,0.7348209619522095,1.57797372341156,0.2895752787590027,0.6502363085746765,0.001
98,1.3648698329925537,0.3871753215789795,0.7435072064399719,1.5335639715194702,0.3185328245162964,0.6757972240447998,0.001
99,1.37704598903656,0.37987011671066284,0.7369326949119568,1.2814661264419556,0.4324324429035187,0.7785261869430542,0.001
100,1.3613191843032837,0.36769479513168335,0.7460242509841919,1.3824703693389893,0.36486485600471497,0.7300824522972107,0.001
101,1.3682130575180054,0.39691558480262756,0.7440332770347595,1.3323732614517212,0.3918918967247009,0.743674635887146,0.001
102,1.3435322046279907,0.38230520486831665,0.7525038123130798,1.9470434188842773,0.22972972691059113,0.5950855612754822,0.001
103,1.343459963798523,0.37012988328933716,0.7456250190734863,1.290994644165039,0.41698840260505676,0.7676005363464355,0.001
104,1.3199992179870605,0.39448052644729614,0.7542555332183838,1.3790218830108643,0.39382240176200867,0.7473721504211426,0.001
105,1.3183026313781738,0.40584415197372437,0.7594425678253174,1.6836763620376587,0.35521236062049866,0.6877785325050354,0.001
106,1.344071865081787,0.37905845046043396,0.7519583702087402,1.5244605541229248,0.31660231947898865,0.6821342706680298,0.001
107,1.315238356590271,0.399350643157959,0.7614085674285889,1.305689811706543,0.4343629479408264,0.7669761776924133,0.001
108,1.2833828926086426,0.41558441519737244,0.7750495076179504,1.2401034832000732,0.4285714328289032,0.7875399589538574,0.001
109,1.2983176708221436,0.4025973975658417,0.7669306993484497,1.2690972089767456,0.442084938287735,0.7890409827232361,0.001
110,1.2986403703689575,0.4261363744735718,0.7679046988487244,1.2589623928070068,0.4054054021835327,0.7809668779373169,0.001
111,1.3080332279205322,0.38798701763153076,0.7662029266357422,1.5377076864242554,0.37451738119125366,0.706867516040802,0.001
112,1.2617478370666504,0.43019479513168335,0.7828741669654846,1.3828532695770264,0.3474903404712677,0.7332483530044556,0.001
113,1.3008456230163574,0.4188311696052551,0.76976078748703,1.4226304292678833,0.38803088665008545,0.7400903105735779,0.001
114,1.2769837379455566,0.4163961112499237,0.775067925453186,1.408716082572937,0.36486485600471497,0.7217519283294678,0.001
115,1.2835936546325684,0.4139610528945923,0.7708455324172974,1.3427860736846924,0.38416987657546997,0.7496147751808167,0.001
116,1.284970760345459,0.4285714328289032,0.7744720578193665,1.4801621437072754,0.38223937153816223,0.7349811792373657,0.001
117,1.3154875040054321,0.4163961112499237,0.7715350389480591,1.2682006359100342,0.442084938287735,0.7760189771652222,0.001
118,1.2709394693374634,0.4042207896709442,0.77657550573349,1.6412217617034912,0.31274130940437317,0.6921076774597168,0.001
119,1.2655013799667358,0.4521103799343109,0.7844370603561401,1.2320266962051392,0.46138995885849,0.788759171962738,0.001
120,1.2436105012893677,0.4253246784210205,0.7918927073478699,1.2431957721710205,0.4555984437465668,0.7994821667671204,0.001
121,1.2301411628723145,0.4375,0.7955193519592285,1.7480201721191406,0.28764477372169495,0.6566659808158875,0.001
122,1.2499351501464844,0.40909090638160706,0.7867540717124939,1.370680809020996,0.39768341183662415,0.7660151720046997,0.001
123,1.2443748712539673,0.42694804072380066,0.7885128855705261,1.105743169784546,0.4961389899253845,0.8422201871871948,0.001
124,1.2516276836395264,0.44155845046043396,0.7904570698738098,1.6231048107147217,0.3146718144416809,0.6978228688240051,0.001
125,1.2311763763427734,0.43344154953956604,0.79184490442276,1.2513667345046997,0.480694979429245,0.7907418012619019,0.001
126,1.2018187046051025,0.44480520486831665,0.8000336289405823,1.3621695041656494,0.39768341183662415,0.7557104229927063,0.001
127,1.2138447761535645,0.45048701763153076,0.8054413795471191,1.1358991861343384,0.47297295928001404,0.8317663073539734,0.001
128,1.1942857503890991,0.4610389471054077,0.8131622672080994,1.1710549592971802,0.4536679685115814,0.8129406571388245,0.001
129,1.2211711406707764,0.4439935088157654,0.8037866353988647,1.12911856174469,0.4903475046157837,0.8308826088905334,0.001
130,1.1834512948989868,0.45129871368408203,0.8100755214691162,1.0515495538711548,0.5212355256080627,0.8498615026473999,0.001
131,1.1845946311950684,0.4431818127632141,0.8068103790283203,2.4162745475769043,0.2915057837963104,0.6434938311576843,0.001
132,1.1619174480438232,0.4699675440788269,0.8181523084640503,1.364256739616394,0.4247104227542877,0.7715648412704468,0.001
133,1.1603848934173584,0.47483766078948975,0.8236129283905029,1.0201866626739502,0.5733590722084045,0.8606297969818115,0.001
134,1.1684097051620483,0.4634740352630615,0.8149378895759583,1.0543135404586792,0.5482625365257263,0.8508990406990051,0.001
135,1.1841473579406738,0.475649356842041,0.8127220273017883,1.3007431030273438,0.4555984437465668,0.7799661755561829,0.001
136,1.1364320516586304,0.4853896200656891,0.824871838092804,0.9895421266555786,0.5559845566749573,0.8726447224617004,0.001
137,1.182155728340149,0.4561688303947449,0.8088812828063965,1.1888065338134766,0.39768341183662415,0.8012416958808899,0.001
138,1.150323510169983,0.46915584802627563,0.819474458694458,1.038228154182434,0.5019304752349854,0.8503935933113098,0.001
139,1.110339641571045,0.4821428656578064,0.8321157097816467,0.9641503691673279,0.5559845566749573,0.8805301189422607,0.001
140,1.0896837711334229,0.4935064911842346,0.8397719860076904,1.1439323425292969,0.48262548446655273,0.8224073648452759,0.001
141,1.0937155485153198,0.5064935088157654,0.8370139002799988,1.2304177284240723,0.4864864945411682,0.8171995282173157,0.001
142,1.1287791728973389,0.4943181872367859,0.8318621516227722,0.9381542205810547,0.5637065768241882,0.8811269402503967,0.001
143,1.093705415725708,0.4764610528945923,0.8326908349990845,0.9820151925086975,0.5482625365257263,0.874171257019043,0.001
144,1.071533203125,0.5113636255264282,0.8438009023666382,1.272919774055481,0.39382240176200867,0.7837846875190735,0.001
145,1.0432205200195312,0.5284090638160706,0.8541958928108215,0.8659677505493164,0.5810810923576355,0.8986663222312927,0.001
146,1.0328816175460815,0.5202922224998474,0.8537052273750305,0.8287884593009949,0.6216216087341309,0.9099246859550476,0.001
147,1.0467684268951416,0.4886363744735718,0.8488970994949341,0.9772409200668335,0.5424710512161255,0.8706032633781433,0.001
148,1.0564653873443604,0.49837663769721985,0.8470675349235535,1.665231466293335,0.4247104227542877,0.7637264132499695,0.001
149,1.0309741497039795,0.5316558480262756,0.8546723127365112,0.8630064725875854,0.5888031125068665,0.8954500555992126,0.001
150,1.0159807205200195,0.510551929473877,0.857975423336029,0.9276993274688721,0.5405405163764954,0.8767628073692322,0.001
151,1.0243088006973267,0.5405844449996948,0.8589326739311218,0.93646639585495,0.5791505575180054,0.8805427551269531,0.001
152,1.0009961128234863,0.5365259647369385,0.8636416792869568,0.8290424346923828,0.6274131536483765,0.9129698872566223,0.001
153,0.9868568181991577,0.5300324559211731,0.8692557215690613,0.9207748174667358,0.57722008228302,0.8866142630577087,0.001
154,1.0081727504730225,0.5267857313156128,0.8621547222137451,0.9524641036987305,0.5,0.8710966110229492,0.001
155,1.0170735120773315,0.5194805264472961,0.8589462041854858,0.8939406871795654,0.5984556078910828,0.8926042318344116,0.001
156,1.0319398641586304,0.5284090638160706,0.8577287793159485,0.928139328956604,0.5810810923576355,0.8857826590538025,0.001
157,1.051649808883667,0.5219155550003052,0.852543294429779,0.9067526459693909,0.5521235466003418,0.8870730996131897,0.001
158,0.9985063076019287,0.524350643157959,0.8636015057563782,1.4987430572509766,0.4324324429035187,0.7894834876060486,0.001
159,0.9585034251213074,0.5535714030265808,0.8750520944595337,0.976421594619751,0.5424710512161255,0.8700222373008728,0.001
160,1.0254181623458862,0.5129870176315308,0.8607755303382874,1.0060720443725586,0.5212355256080627,0.8658459186553955,0.001
161,0.9944640398025513,0.5430194735527039,0.8687507510185242,0.843735933303833,0.5888031125068665,0.9019431471824646,0.001
162,0.9772133827209473,0.5446428656578064,0.8738482594490051,0.8883795738220215,0.5830115675926208,0.8980891704559326,0.001
163,0.9920288920402527,0.5332792401313782,0.8642087578773499,1.0733489990234375,0.47876447439193726,0.8475933074951172,0.001
164,0.9869310259819031,0.548701286315918,0.8724940419197083,0.7651585340499878,0.6100386381149292,0.9164708256721497,0.001
165,0.9493035674095154,0.5584415793418884,0.8796352744102478,0.7570130825042725,0.6332046389579773,0.919094443321228,0.001
166,0.917208194732666,0.5852272510528564,0.8883975148200989,0.8019646406173706,0.662162184715271,0.9225982427597046,0.001
167,0.92120361328125,0.5738636255264282,0.8850715756416321,0.6851291656494141,0.6833977103233337,0.9375214576721191,0.001
168,1.0128066539764404,0.5211039185523987,0.8615086078643799,2.2484383583068848,0.3320463299751282,0.7019833922386169,0.001
169,0.9204378128051758,0.5633116960525513,0.8866302371025085,0.9191663265228271,0.5752895474433899,0.8880588412284851,0.001
170,0.9232973456382751,0.576298713684082,0.8831873536109924,0.8275134563446045,0.6003860831260681,0.902397871017456,0.001
171,0.9043363332748413,0.5754870176315308,0.8870058655738831,0.950972318649292,0.5405405163764954,0.8801248669624329,0.001
172,0.9244083762168884,0.5568181872367859,0.884114682674408,0.7256946563720703,0.6833977103233337,0.9323434829711914,0.001
173,0.909191370010376,0.5625,0.8844823837280273,0.6964185833930969,0.6872586607933044,0.9387573003768921,0.001
174,0.9194983243942261,0.5657467246055603,0.8836109042167664,1.2409694194793701,0.5212355256080627,0.8557209968566895,0.001
175,0.8890417814254761,0.5941558480262756,0.8927602171897888,0.7050878405570984,0.6370656490325928,0.9280593991279602,0.001
176,0.8511653542518616,0.6014610528945923,0.9020769596099854,0.6869398355484009,0.6814671754837036,0.934077262878418,0.001
177,0.9204883575439453,0.5860389471054077,0.8877230286598206,0.7321045398712158,0.6196911334991455,0.9264765381813049,0.001
178,0.8893039226531982,0.5811688303947449,0.8916318416595459,0.6759207248687744,0.6756756901741028,0.9387894868850708,0.001
179,0.8269652724266052,0.6055194735527039,0.9047285318374634,0.7260714173316956,0.6177605986595154,0.9221048951148987,0.001
180,0.8399203419685364,0.5811688303947449,0.9000760316848755,0.6332902312278748,0.69305020570755,0.9444416761398315,0.001
181,0.8965398669242859,0.5860389471054077,0.8909534811973572,0.7211167812347412,0.662162184715271,0.9258378148078918,0.001
182,0.9148049354553223,0.5657467246055603,0.8859959244728088,1.5860801935195923,0.4382239282131195,0.8009626269340515,0.001
183,0.881932258605957,0.5909090638160706,0.8971722722053528,0.6314845681190491,0.7239382266998291,0.9480232000350952,0.001
184,0.8444303274154663,0.6087662577629089,0.9015597701072693,1.1204946041107178,0.4903475046157837,0.8426100015640259,0.001
185,0.8817610144615173,0.6047077775001526,0.8981884121894836,3.4525771141052246,0.3667953610420227,0.6618439555168152,0.001
186,0.8154420256614685,0.6152597665786743,0.9077650308609009,0.76222825050354,0.662162184715271,0.9234898686408997,0.001
187,0.8317309021949768,0.5876623392105103,0.9042143225669861,1.0320978164672852,0.5019304752349854,0.8626092672348022,0.001
188,0.8626701831817627,0.6055194735527039,0.8996595740318298,0.7133424878120422,0.6447876691818237,0.9264532923698425,0.001
189,0.8239004611968994,0.6176947951316833,0.9075411558151245,0.6619321703910828,0.6776061654090881,0.9392768740653992,0.001
190,0.8121979236602783,0.6152597665786743,0.9097891449928284,0.6731598973274231,0.6891891956329346,0.9410977363586426,0.001
191,0.8636646866798401,0.6152597665786743,0.9030665755271912,1.0560455322265625,0.5405405163764954,0.8675238490104675,0.001
192,0.8599870204925537,0.6030844449996948,0.9027496576309204,0.5849209427833557,0.7027027010917664,0.9543452262878418,0.001
193,0.8107450008392334,0.6314935088157654,0.9125022292137146,0.623346745967865,0.7046331763267517,0.94605952501297,0.001
194,0.802412211894989,0.6274350881576538,0.9133738279342651,2.7378625869750977,0.23552124202251434,0.6402142643928528,0.001
195,0.7994971871376038,0.6193181872367859,0.9134117960929871,0.7996423244476318,0.5907335877418518,0.9088573455810547,0.001
196,0.8420044779777527,0.6030844449996948,0.9043102264404297,0.6537236571311951,0.6833977103233337,0.9378023743629456,0.001
197,0.7903926968574524,0.611201286315918,0.911766529083252,0.6058993935585022,0.7355212569236755,0.9513945579528809,0.001
198,0.8076933026313782,0.6290584206581116,0.9119864702224731,0.5428698062896729,0.7702702879905701,0.9606515169143677,0.001
199,0.7921176552772522,0.6347402334213257,0.9131223559379578,0.5455463528633118,0.7297297120094299,0.9580362439155579,0.001
200,0.7662909626960754,0.6314935088157654,0.9182011485099792,1.2618223428726196,0.4961389899253845,0.8532748818397522,0.0009048374
201,0.7680049538612366,0.6233766078948975,0.9180220365524292,0.5111063718795776,0.7876448035240173,0.9681643843650818,0.0008187307
202,0.7662370800971985,0.6347402334213257,0.919209361076355,0.9462888836860657,0.5521235466003418,0.8862919211387634,0.0007408181
203,0.698038637638092,0.6704545617103577,0.9320951104164124,0.4543067514896393,0.7953668236732483,0.9770771265029907,0.0006703199
204,0.7245243787765503,0.6615259647369385,0.9269388318061829,0.505519449710846,0.7934362888336182,0.9714091420173645,0.00060653046
205,0.6362506747245789,0.6907467246055603,0.9436048269271851,0.6252985596656799,0.7316602468490601,0.9443475604057312,0.00054881145
206,0.6508334875106812,0.6956169009208679,0.9409164786338806,0.4982523024082184,0.7915058135986328,0.9657542109489441,0.0004965851
207,0.6271258592605591,0.6745129823684692,0.9447441101074219,0.44831034541130066,0.8320463299751282,0.9803935885429382,0.00044932874
208,0.6638587117195129,0.6810064911842346,0.9391446113586426,0.41971588134765625,0.7779922485351562,0.974704921245575,0.00040656942
209,0.6159564256668091,0.7142857313156128,0.9486507773399353,0.4738231599330902,0.7548262476921082,0.9686120748519897,0.0003678792
210,0.6111041903495789,0.7004870176315308,0.9468900561332703,0.4013977646827698,0.8320463299751282,0.9814645648002625,0.00033287084
211,0.6202338933944702,0.7021104097366333,0.9460353851318359,0.3957187235355377,0.8552123308181763,0.9822206497192383,0.00030119397
212,0.595851480960846,0.7199675440788269,0.9516192674636841,0.4482835531234741,0.7934362888336182,0.9760913252830505,0.00027253156
213,0.6129195690155029,0.698051929473877,0.9474590420722961,0.41029828786849976,0.80694979429245,0.9783344864845276,0.00024659673
214,0.5842033624649048,0.7004870176315308,0.951988160610199,0.3656684160232544,0.8436293601989746,0.9857929348945618,0.00022312993
215,0.5727923512458801,0.7126623392105103,0.9528639316558838,0.35937103629112244,0.8687258958816528,0.9871172904968262,0.0002018963
216,0.5748997330665588,0.7110389471054077,0.9535044431686401,0.40034884214401245,0.8397683501243591,0.9825384616851807,0.00018268332
217,0.6154049634933472,0.7134740352630615,0.9474102258682251,0.35880887508392334,0.8532818555831909,0.9851420521736145,0.0001652987
218,0.5383725166320801,0.7475649118423462,0.9608896970748901,0.345740407705307,0.8610038757324219,0.9870572686195374,0.00014956844
219,0.5570542812347412,0.7045454382896423,0.9541849493980408,0.33989599347114563,0.8590733408927917,0.9864142537117004,0.00013533511
220,0.5420029759407043,0.7215909361839294,0.9587724208831787,0.38072410225868225,0.8281853199005127,0.9846528768539429,0.00012245627
221,0.5513494610786438,0.7410714030265808,0.957760214805603,0.3433167338371277,0.8706563711166382,0.9878416657447815,0.00011080301
222,0.5385690927505493,0.736201286315918,0.9589409828186035,0.3440571129322052,0.8590733408927917,0.987114429473877,0.00010025871
223,0.5758841633796692,0.7150974273681641,0.953158438205719,0.3484838306903839,0.8339768052101135,0.9835436940193176,9.0717826e-05
224,0.5830235481262207,0.7183441519737244,0.9532734155654907,0.33497747778892517,0.8629343509674072,0.9895126223564148,8.208488e-05
225,0.5285932421684265,0.7467532753944397,0.9610186219215393,0.3389264643192291,0.8667953610420227,0.9878989458084106,7.427347e-05
226,0.547644853591919,0.7353895902633667,0.9582294225692749,0.3368189334869385,0.8552123308181763,0.9875061511993408,6.720541e-05
227,0.5569161772727966,0.7183441519737244,0.9554181098937988,0.3011375963687897,0.8899613618850708,0.9907150268554688,6.0809965e-05
228,0.5622801184654236,0.7321428656578064,0.9563105702400208,0.31513503193855286,0.8494208455085754,0.987518310546875,5.502313e-05
229,0.5396363139152527,0.7353895902633667,0.9596374034881592,0.322530061006546,0.876447856426239,0.9898178577423096,4.9786984e-05
230,0.5646340847015381,0.7183441519737244,0.9534562826156616,0.3291880488395691,0.8803088665008545,0.9902668595314026,4.5049124e-05
231,0.545966625213623,0.7467532753944397,0.9594324231147766,0.30232566595077515,0.876447856426239,0.9902406930923462,4.076213e-05
232,0.5426182746887207,0.7280844449996948,0.9577249884605408,0.3172169625759125,0.88416987657547,0.989180862903595,3.68831e-05
233,0.5440138578414917,0.7451298832893372,0.9591066241264343,0.3368838429450989,0.8590733408927917,0.9865009188652039,3.3373206e-05
234,0.5114734768867493,0.7524350881576538,0.9636491537094116,0.30299317836761475,0.876447856426239,0.9892154335975647,3.0197323e-05
235,0.5120760202407837,0.7483766078948975,0.9633604288101196,0.3410702645778656,0.8552123308181763,0.9868423938751221,2.7323667e-05
236,0.5386839509010315,0.7410714030265808,0.9596294164657593,0.3227784335613251,0.8822394013404846,0.9885213375091553,2.4723475e-05
237,0.5297548174858093,0.7280844449996948,0.9604073762893677,0.32597091794013977,0.8706563711166382,0.9880083799362183,2.2370725e-05
238,0.503826916217804,0.7516233921051025,0.9651346206665039,0.3140592873096466,0.8822394013404846,0.9909680485725403,2.0241867e-05
239,0.5281099081039429,0.7410714030265808,0.9607912302017212,0.32252001762390137,0.8532818555831909,0.9867618680000305,1.8315597e-05
240,0.5057762861251831,0.7483766078948975,0.9641590714454651,0.31471073627471924,0.8745173811912537,0.9901620745658875,1.6572636e-05
241,0.5486832857131958,0.7418830990791321,0.958557665348053,0.33907002210617065,0.8552123308181763,0.9858883023262024,1.499554e-05
242,0.5097060799598694,0.7313311696052551,0.9634041786193848,0.30120477080345154,0.8667953610420227,0.9897474646568298,1.3568525e-05
243,0.5599687695503235,0.7297077775001526,0.9553648233413696,0.33768710494041443,0.8436293601989746,0.9860755205154419,1.2277308e-05
244,0.4928431212902069,0.7581169009208679,0.9671806693077087,0.31989598274230957,0.8725868463516235,0.9885637164115906,1.1108968e-05
245,0.49349331855773926,0.75,0.9666975140571594,0.3262374997138977,0.8745173811912537,0.9884630441665649,1.0051809e-05
246,0.5388495326042175,0.7329545617103577,0.9600584506988525,0.31966543197631836,0.8861004114151001,0.9901368618011475,9.095253e-06
247,0.5061565041542053,0.7573052048683167,0.9640055298805237,0.33126190304756165,0.8610038757324219,0.9866985082626343,8.229725e-06
248,0.5406149625778198,0.7386363744735718,0.9595114588737488,0.32470178604125977,0.8552123308181763,0.9878318309783936,7.4465624e-06
249,0.49271753430366516,0.7678571343421936,0.9672349691390991,0.3034704923629761,0.8861004114151001,0.9919588565826416,6.737928e-06
250,0.5304338335990906,0.7305194735527039,0.9605254530906677,0.3422296345233917,0.8513513803482056,0.9862624406814575,6.096729e-06
251,0.5290217995643616,0.7402597665786743,0.9610692262649536,0.3321920335292816,0.8590733408927917,0.9875947833061218,5.5165483e-06
252,0.5226161479949951,0.7467532753944397,0.9612395763397217,0.32161659002304077,0.8629343509674072,0.9877060651779175,4.991579e-06
