,epochs,loss,accuracy,auc,val_loss,val_accuracy,val_auc
0,1,1.9661,0.2087,0.5045,7.9597,0.2,0.5093
1,2,1.7872,0.2163,0.5252,1.7238,0.187,0.5194
2,3,1.7494,0.2337,0.5252,1.6852,0.2217,0.5071
3,4,1.7207,0.2288,0.5302,1.8267,0.2109,0.5046
4,5,1.7214,0.1913,0.5063,1.7722,0.2457,0.528
5,6,1.7153,0.1894,0.4924,1.7155,0.2065,0.5267
6,7,1.654,0.249,0.5371,1.6064,0.2565,0.5519
7,8,1.6771,0.1981,0.504,1.6186,0.2391,0.5395
8,9,1.6607,0.2115,0.511,1.591,0.2587,0.5669
9,10,1.6317,0.2279,0.5346,1.5981,0.25,0.5519
10,11,1.6117,0.2471,0.5591,1.5743,0.263,0.5872
11,12,1.6261,0.2183,0.539,1.6231,0.2348,0.537
12,13,1.6259,0.2471,0.5352,1.5959,0.2239,0.5502
13,14,1.6168,0.2221,0.5322,1.5969,0.2174,0.5505
14,15,1.6067,0.2519,0.5464,1.5845,0.2478,0.5827
15,16,1.6044,0.226,0.5547,1.5995,0.237,0.5439
16,17,1.6057,0.2365,0.558,1.5898,0.2804,0.5596
17,18,1.5977,0.2298,0.5535,1.7603,0.1957,0.5077
18,19,1.5984,0.2394,0.558,1.6128,0.2087,0.5453
19,20,1.6042,0.2308,0.5497,1.5896,0.2326,0.5623
20,21,1.5941,0.249,0.5667,1.5759,0.2587,0.6005
21,22,1.6144,0.2356,0.5408,1.6504,0.2217,0.52
22,23,1.5874,0.2413,0.578,1.9984,0.2239,0.5167
23,24,1.586,0.2673,0.5765,1.6494,0.2174,0.5487
24,25,1.6089,0.2317,0.5372,1.6362,0.2174,0.5356
25,26,1.5913,0.2471,0.5692,1.8473,0.1913,0.5296
26,27,1.5996,0.2298,0.5553,1.592,0.2522,0.555
27,28,1.5917,0.2452,0.5712,1.5846,0.2304,0.5718
28,29,1.591,0.2288,0.5616,1.646,0.2326,0.5628
29,30,1.5787,0.2471,0.5827,1.65,0.2413,0.547
30,31,1.5798,0.2615,0.5816,1.6783,0.2022,0.5394
31,32,1.5801,0.2548,0.5773,1.6184,0.2391,0.5572
32,33,1.5755,0.2423,0.5847,1.548,0.2913,0.6191
33,34,1.5741,0.249,0.5882,1.9618,0.1609,0.503
34,35,1.5712,0.2452,0.5856,1.8613,0.2022,0.5534
35,36,1.5563,0.2894,0.6091,1.5917,0.2413,0.5703
36,37,1.5577,0.2846,0.6119,1.6686,0.2239,0.5523
37,38,1.5476,0.3038,0.6153,1.737,0.1891,0.5382
38,39,1.5529,0.3048,0.6098,1.5094,0.3087,0.6551
39,40,1.5368,0.2885,0.6187,2.0161,0.2022,0.5295
40,41,1.5489,0.2865,0.6158,1.5029,0.3217,0.6504
41,42,1.5421,0.2779,0.6179,1.5228,0.3065,0.64
42,43,1.5328,0.301,0.6306,1.5252,0.2978,0.6309
43,44,1.5406,0.2769,0.6223,1.6912,0.2522,0.5679
44,45,1.5318,0.3192,0.6331,1.556,0.2848,0.6189
45,46,1.523,0.3,0.6344,1.6052,0.2522,0.5842
46,47,1.5366,0.2971,0.6331,1.5592,0.287,0.6097
47,48,1.5274,0.3144,0.6346,1.5173,0.3,0.6473
48,49,1.5246,0.3125,0.6392,1.4967,0.3217,0.6641
49,50,1.5058,0.3192,0.6477,1.8065,0.2022,0.5695
50,51,1.5087,0.3183,0.6489,1.7011,0.2239,0.5625
51,52,1.5147,0.3087,0.6467,1.4999,0.3326,0.6526
52,53,1.5038,0.3192,0.6489,1.5611,0.2978,0.6316
53,54,1.5284,0.3048,0.6311,1.5297,0.2674,0.6188
54,55,1.5004,0.3163,0.6574,1.5018,0.2891,0.6447
55,56,1.4981,0.3279,0.6581,1.4404,0.3522,0.6846
56,57,1.5124,0.3144,0.6424,1.5112,0.3348,0.6481
57,58,1.4896,0.3317,0.6632,1.6406,0.287,0.6137
58,59,1.5016,0.3279,0.651,1.7225,0.2717,0.5809
59,60,1.4773,0.324,0.6666,1.4788,0.337,0.6704
60,61,1.4821,0.3413,0.6761,1.4242,0.3891,0.7243
61,62,1.4604,0.324,0.6788,1.4466,0.3261,0.6794
62,63,1.5061,0.3077,0.6602,1.4126,0.3652,0.7108
63,64,1.4762,0.3269,0.6702,1.5105,0.3174,0.6532
64,65,1.4641,0.3433,0.6735,1.3933,0.3913,0.7302
65,66,1.48,0.3288,0.667,1.999,0.2696,0.5656
66,67,1.4705,0.3529,0.6775,1.6965,0.263,0.5964
67,68,1.446,0.3462,0.693,1.4971,0.337,0.6538
68,69,1.4698,0.3413,0.6742,1.9793,0.2543,0.5998
69,70,1.4711,0.3346,0.6818,2.0587,0.2935,0.5974
70,71,1.4422,0.3413,0.6907,1.5338,0.2957,0.6321
71,72,1.4544,0.3548,0.6838,1.3884,0.387,0.7312
72,73,1.4545,0.3423,0.6873,1.3931,0.3804,0.7197
73,74,1.4331,0.3769,0.6947,1.8973,0.2435,0.5893
74,75,1.4345,0.3519,0.7,1.3486,0.4174,0.7562
75,76,1.4643,0.3394,0.6792,1.8417,0.2674,0.6014
76,77,1.412,0.3827,0.712,1.3633,0.387,0.7389
77,78,1.4141,0.3548,0.7106,1.3809,0.3978,0.7224
78,79,1.4047,0.3644,0.7131,1.5364,0.313,0.6635
79,80,1.3899,0.3942,0.7251,1.2632,0.4696,0.7913
80,81,1.3866,0.3798,0.723,1.3892,0.4087,0.7257
81,82,1.3818,0.3808,0.729,2.8807,0.2304,0.552
82,83,1.4195,0.3683,0.7127,1.3288,0.3826,0.749
83,84,1.3915,0.3894,0.7292,1.6055,0.3457,0.6729
84,85,1.3875,0.4096,0.7231,1.6176,0.3174,0.6573
85,86,1.3624,0.4029,0.7429,1.8995,0.3043,0.6292
86,87,1.3566,0.401,0.7418,1.4649,0.3804,0.6949
87,88,1.376,0.375,0.7334,1.3393,0.4065,0.7566
88,89,1.3494,0.3952,0.7443,1.2754,0.4717,0.7767
89,90,1.3888,0.4077,0.7326,2.9807,0.2696,0.5669
90,91,1.3569,0.3933,0.7439,1.2632,0.4587,0.7878
91,92,1.3556,0.3904,0.7405,2.0741,0.237,0.6004
92,93,1.3209,0.4125,0.7603,1.4499,0.4022,0.7115
93,94,1.3546,0.3894,0.7446,1.2515,0.463,0.7904
94,95,1.3276,0.3981,0.7524,1.5943,0.3543,0.6895
95,96,1.3142,0.424,0.7583,1.3116,0.4217,0.762
96,97,1.3068,0.4327,0.7639,1.6499,0.2804,0.6544
97,98,1.3371,0.4308,0.7564,1.7616,0.3478,0.6719
98,99,1.2769,0.4346,0.7753,1.3963,0.4348,0.7525
99,100,1.2892,0.4385,0.771,1.2063,0.4913,0.8041
100,101,1.2585,0.4346,0.7816,1.328,0.4674,0.7661
101,102,1.3236,0.4365,0.7596,1.2341,0.4652,0.7875
102,103,1.288,0.4231,0.7683,1.5359,0.3891,0.7155
103,104,1.2493,0.4615,0.7879,1.294,0.4674,0.7818
104,105,1.2953,0.4413,0.7697,1.1469,0.513,0.8247
105,106,1.2457,0.4567,0.7894,1.4144,0.3609,0.7161
106,107,1.3112,0.4269,0.7683,1.1273,0.5109,0.826
107,108,1.2381,0.449,0.788,1.9085,0.3239,0.6597
108,109,1.2331,0.4587,0.7955,1.0483,0.5717,0.8683
109,110,1.2487,0.4433,0.7852,1.3053,0.3696,0.7617
110,111,1.2251,0.4625,0.7935,3.5269,0.2826,0.5783
111,112,1.2251,0.4635,0.7965,1.1347,0.5326,0.831
112,113,1.2094,0.501,0.8043,1.938,0.2565,0.652
113,114,1.1689,0.4933,0.8219,1.5029,0.4283,0.7369
114,115,1.205,0.4635,0.8026,0.9788,0.5696,0.8806
115,116,1.1689,0.5192,0.8184,1.0008,0.5717,0.8703
116,117,1.2081,0.4846,0.8041,1.6696,0.4022,0.7282
117,118,1.1257,0.5125,0.8326,1.021,0.6174,0.8928
118,119,1.1426,0.5029,0.8283,0.9506,0.6109,0.8918
119,120,1.1585,0.4942,0.8237,1.2632,0.4196,0.7797
120,121,1.1542,0.5106,0.8239,1.4881,0.4478,0.7725
121,122,1.1501,0.5115,0.8246,1.2276,0.4652,0.7921
122,123,1.1393,0.525,0.8317,1.9248,0.3522,0.6873
123,124,1.114,0.5202,0.8361,1.1953,0.5326,0.8175
124,125,1.1051,0.5096,0.8386,1.0201,0.6087,0.8638
125,126,1.1181,0.5087,0.8391,1.1171,0.5174,0.8329
126,127,1.1021,0.525,0.8401,0.9176,0.5804,0.888
127,128,1.1488,0.5221,0.828,0.9217,0.6065,0.8918
128,129,1.0897,0.5202,0.8451,1.167,0.5283,0.8372
129,130,1.0589,0.5529,0.854,0.9927,0.6109,0.8739
130,131,1.0551,0.5712,0.8549,0.9073,0.6587,0.9025
131,132,1.0502,0.5538,0.8554,1.0128,0.613,0.8739
132,133,1.0833,0.5154,0.8472,0.8429,0.6804,0.9197
133,134,1.0135,0.5587,0.8654,0.8371,0.663,0.927
134,135,1.0304,0.5827,0.865,0.7736,0.7457,0.9422
135,136,1.0079,0.5625,0.87,1.0375,0.6109,0.8622
136,137,1.0097,0.5779,0.8681,1.2578,0.4674,0.8211
137,138,1.0089,0.5644,0.8659,1.7645,0.4348,0.7496
138,139,1.0247,0.5683,0.8649,0.6669,0.7152,0.943
139,140,0.9797,0.5798,0.8747,1.1487,0.5478,0.8382
140,141,1.0442,0.551,0.8599,1.1322,0.5696,0.8437
141,142,0.9711,0.5962,0.8773,0.9744,0.65,0.8812
142,143,0.959,0.6058,0.885,1.8351,0.4522,0.7544
143,144,0.9215,0.5962,0.8909,0.9845,0.6,0.8767
144,145,0.9742,0.5827,0.8783,0.6982,0.75,0.9527
145,146,0.9077,0.6106,0.8944,0.7654,0.7087,0.9338
146,147,0.9727,0.5885,0.8773,1.155,0.5935,0.8627
147,148,0.9493,0.5962,0.8835,0.7017,0.7413,0.9415
148,149,0.9126,0.601,0.8918,0.8507,0.6565,0.9104
149,150,0.8973,0.624,0.8981,0.6188,0.7522,0.9535
150,151,0.9024,0.6183,0.8959,0.6903,0.7391,0.9464
151,152,0.8891,0.6433,0.8994,0.9753,0.6326,0.8838
152,153,0.8865,0.6298,0.8991,0.5508,0.7783,0.9621
153,154,0.8705,0.6433,0.9045,0.531,0.8217,0.9717
154,155,0.8109,0.6625,0.916,0.7136,0.7043,0.9344
155,156,0.8453,0.6635,0.9093,0.8246,0.7239,0.9212
156,157,0.8751,0.6221,0.9023,0.7947,0.6848,0.9265
157,158,0.8546,0.6529,0.9077,0.9006,0.687,0.9055
158,159,0.8052,0.6644,0.9168,0.7248,0.7065,0.9323
159,160,0.8178,0.6481,0.9152,0.4459,0.8348,0.9777
160,161,0.8251,0.6644,0.9126,0.7227,0.7283,0.9356
161,162,0.811,0.649,0.9144,0.5881,0.8196,0.9723
162,163,0.8112,0.6548,0.9136,0.5743,0.837,0.9668
163,164,0.819,0.6654,0.9155,0.5108,0.8043,0.9706
164,165,0.7894,0.6692,0.9194,2.503,0.4413,0.7132
165,166,0.7604,0.6923,0.926,0.4261,0.8391,0.975
166,167,0.7366,0.675,0.929,0.4572,0.8826,0.9863
167,168,0.7707,0.6846,0.923,0.9044,0.6652,0.8995
168,169,0.7316,0.7038,0.9316,0.7998,0.7109,0.9276
169,170,0.715,0.7221,0.9348,0.4524,0.8739,0.983
170,171,0.7501,0.7077,0.9297,0.4379,0.8413,0.9752
171,172,0.7567,0.6923,0.9277,3.1861,0.3761,0.665
172,173,0.7499,0.6808,0.9276,0.5116,0.8043,0.9665
173,174,0.7715,0.6731,0.9247,0.4036,0.8696,0.9845
174,175,0.6459,0.726,0.9466,0.3941,0.8543,0.98
175,176,0.7065,0.726,0.9368,0.9204,0.663,0.9002
176,177,0.6704,0.7269,0.9435,0.3906,0.8739,0.9839
177,178,0.6937,0.7135,0.9387,0.4525,0.8543,0.9778
178,179,0.6902,0.7192,0.939,0.3936,0.8674,0.9776
179,180,0.6615,0.7337,0.9442,0.5066,0.8109,0.9671
180,181,0.7239,0.7067,0.9339,0.5004,0.7978,0.9685
181,182,0.6776,0.726,0.9405,1.8864,0.5261,0.8009
182,183,0.7108,0.7038,0.935,0.312,0.913,0.9927
183,184,0.6384,0.7365,0.948,0.6351,0.7739,0.9647
184,185,0.663,0.7308,0.9438,0.3739,0.8717,0.9837
185,186,0.7054,0.7087,0.9365,5.4475,0.3717,0.6312
186,187,0.6663,0.7269,0.9435,0.3451,0.8935,0.9856
187,188,0.7094,0.7096,0.9366,1.2325,0.6413,0.889
188,189,0.7067,0.7212,0.9373,0.2226,0.9109,0.9947
189,190,0.641,0.7394,0.9472,0.3189,0.9043,0.9907
190,191,0.678,0.7346,0.9423,0.4963,0.8174,0.9715
191,192,0.6106,0.7529,0.9535,0.3822,0.9087,0.9881
192,193,0.5709,0.7635,0.9575,0.3158,0.8674,0.9874
193,194,0.602,0.7452,0.9532,0.3372,0.8804,0.9844
194,195,0.6434,0.7356,0.9467,0.4672,0.85,0.9774
195,196,0.5594,0.7856,0.9603,0.1953,0.9478,0.9974
196,197,0.6161,0.7625,0.9508,0.2085,0.9217,0.9951
197,198,0.5702,0.7625,0.958,1.2,0.5935,0.8585
198,199,0.6129,0.7788,0.9518,0.3544,0.8913,0.9886
199,200,0.5603,0.7865,0.9601,0.408,0.8457,0.9781
200,0,0.5990101099014282,0.75,0.9529865980148317,0.3711552023887634,0.876086950302124,0.9878833293914796
201,1,0.5653603076934814,0.7730769515037537,0.9589699506759644,0.2496856153011322,0.936956524848938,0.9953526258468628
202,2,0.5582227110862732,0.7788461446762085,0.9595353007316588,0.2574000656604767,0.9521738886833192,0.9968773126602172
203,3,0.5908622145652771,0.7605769038200378,0.9550992846488952,0.5522443056106567,0.8500000238418579,0.9730380773544312
204,4,0.6552387475967407,0.7634615302085876,0.946298122406006,0.2801765203475952,0.939130425453186,0.995530366897583
205,5,0.6147106289863586,0.7509615421295166,0.951608657836914,0.2185212522745132,0.919565200805664,0.995343804359436
206,6,0.6016393899917603,0.7605769038200378,0.9535956978797911,0.2518079876899719,0.9239130616188048,0.9942969679832458
207,7,0.5922061800956726,0.7807692289352417,0.95570969581604,0.5645334720611572,0.8304347991943359,0.9588320851325988
208,8,0.6188904643058777,0.745192289352417,0.9511483907699584,0.6388416290283203,0.821739137172699,0.9528071880340576
209,9,0.5765437483787537,0.7615384459495544,0.9570672512054444,0.1865350306034088,0.960869550704956,0.9982638955116272
210,10,0.5656753182411194,0.762499988079071,0.9580993056297302,0.2369114309549331,0.926086962223053,0.994132161140442
211,11,0.6020150184631348,0.7692307829856873,0.9536132216453552,0.5922769904136658,0.800000011920929,0.95630145072937
212,12,0.5938683152198792,0.767307698726654,0.9543411135673524,0.3190730214118957,0.9021739363670348,0.9846290349960328
213,13,0.5463352203369141,0.7807692289352417,0.9612157344818116,0.2489746361970901,0.917391300201416,0.9929854869842528
214,14,0.5942195057868958,0.7615384459495544,0.9546006917953492,0.2361292392015457,0.9304347634315492,0.9927279949188232
215,15,0.5494998693466187,0.8086538314819336,0.9617958664894104,0.5719183087348938,0.7978261113166809,0.964699387550354
216,16,0.4805429577827453,0.817307710647583,0.9713281989097596,0.8861905336380005,0.643478274345398,0.9173623919487
217,17,0.5690135955810547,0.7817307710647583,0.9587190747261048,0.2132212221622467,0.908695638179779,0.9932751059532166
218,18,0.5714253187179565,0.7711538672447205,0.9584195613861084,0.3253698647022247,0.908695638179779,0.9916995763778688
219,19,0.5366008281707764,0.7807692289352417,0.9626596570014954,0.2873833477497101,0.8999999761581421,0.991516411304474
220,20,0.6104230880737305,0.7721154093742371,0.952733039855957,0.3246539533138275,0.893478274345398,0.9854047894477844
221,21,0.4709588289260864,0.8115384578704834,0.9702811241149902,0.2208887189626693,0.95652174949646,0.9977151155471802
222,22,0.520990252494812,0.800000011920929,0.9647721648216248,0.2142518013715744,0.939130425453186,0.9946354627609252
223,23,0.5407719016075134,0.7971153855323792,0.9635059237480164,0.2810862064361572,0.908695638179779,0.98791241645813
224,24,0.4824459850788116,0.7990384697914124,0.9697915315628052,0.406173974275589,0.893478274345398,0.9860167503356934
225,25,0.5636177062988281,0.7721154093742371,0.9588152766227722,0.2146196812391281,0.954347848892212,0.9973256587982178
226,26,0.4585021436214447,0.8192307949066162,0.971988558769226,0.1537907868623733,0.941304326057434,0.996033787727356
227,27,0.556611955165863,0.7875000238418579,0.9599994421005248,0.2228850424289703,0.917391300201416,0.992344081401825
228,28,0.5388652682304382,0.8096153736114502,0.9630032777786256,0.1803553849458694,0.908695638179779,0.9944854974746704
229,29,0.535097062587738,0.7961538434028625,0.9631133079528807,0.2882750034332275,0.954347848892212,0.9971107244491576
230,30,0.4962571263313293,0.8163461685180664,0.9676573276519777,0.1847259551286697,0.9652174115180968,0.9976955056190492
231,31,0.5283203721046448,0.7961538434028625,0.9641492366790771,0.2751109302043915,0.919565200805664,0.9915210604667664
232,32,0.502357542514801,0.807692289352417,0.9686886072158812,0.6992763876914978,0.8065217137336731,0.9575743675231934
233,33,0.4783138930797577,0.8134615421295166,0.9713914394378662,0.8564292192459106,0.678260862827301,0.9258825778961182
234,34,0.5387600660324097,0.7932692170143127,0.962332844734192,0.2432975471019745,0.939130425453186,0.9930506348609924
235,35,0.5242245197296143,0.8125,0.9646169543266296,0.6775537133216858,0.769565224647522,0.9536831974983216
236,36,0.4839843809604645,0.8086538314819336,0.970108926296234,0.422732800245285,0.8500000238418579,0.9775897264480592
237,37,0.5344597697257996,0.8144230842590332,0.9645705223083496,0.1162921637296676,0.947826087474823,0.998236119747162
238,38,0.5336030125617981,0.7980769276618958,0.9626182317733764,0.2622709274291992,0.928260862827301,0.995514452457428
239,39,0.5858219265937805,0.795192301273346,0.9575884342193604,1.8592050075531008,0.5804347991943359,0.8353396654129028
240,40,0.4836912155151367,0.8192307949066162,0.969171941280365,0.9144824743270874,0.708695650100708,0.9140960574150084
241,41,0.4767453968524933,0.8144230842590332,0.9698961973190308,0.4646971523761749,0.876086950302124,0.9814443588256836
242,42,0.5237857103347778,0.8115384578704834,0.9654353260993958,0.1268057078123092,0.95652174949646,0.9979177713394164
243,43,0.5345961451530457,0.7903845906257629,0.9641716480255128,0.2209073603153228,0.9239130616188048,0.9913836121559144
244,44,0.4573515057563782,0.8307692408561707,0.97345232963562,0.2953167557716369,0.9521738886833192,0.9970280528068542
245,45,0.4265039563179016,0.8384615182876587,0.9758658409118652,0.145483061671257,0.947826087474823,0.9961737990379332
246,46,0.5249976515769958,0.8153846263885498,0.9648733139038086,0.1144375726580619,0.9717391133308412,0.9986857175827026
247,47,0.447083443403244,0.8307692408561707,0.9742465019226074,0.5067806243896484,0.852173924446106,0.975746750831604
248,48,0.4855631291866302,0.8230769038200378,0.9701484441757202,1.28805410861969,0.695652186870575,0.8964489698410034
249,49,0.5072436332702637,0.8105769157409668,0.9664754867553712,0.6227996945381165,0.791304349899292,0.9607142806053162
250,50,0.4243064224720001,0.8240384459495544,0.9771709442138672,0.5603180527687073,0.7869565486907959,0.9660462737083436
251,51,0.4634837806224823,0.8201923370361328,0.973045289516449,0.1371988356113433,0.9739130139350892,0.9989325404167176
252,52,0.4697575569152832,0.8278846144676208,0.9718661308288574,0.4121437072753906,0.8913043737411499,0.980782687664032
253,53,0.4488280415534973,0.8336538672447205,0.9744485020637512,0.128396600484848,0.9717391133308412,0.9984782934188844
254,54,0.4573375284671783,0.8259615302085876,0.9727523922920228,0.1732261776924133,0.954347848892212,0.993336021900177
255,55,0.5032841563224792,0.8019230961799622,0.967487633228302,0.8416001796722412,0.7673913240432739,0.940405249595642
256,56,0.4468262791633606,0.8326923251152039,0.9737969040870668,0.7738645076751709,0.7217391133308411,0.9316588044166564
257,57,0.4485787749290466,0.8384615182876587,0.975247323513031,0.1361023634672165,0.967391312122345,0.9987635612487792
258,58,0.489126443862915,0.8144230842590332,0.9697102904319764,0.7890039682388306,0.710869550704956,0.9309051036834716
259,59,0.4908187389373779,0.8105769157409668,0.9686729311943054,0.167899876832962,0.947826087474823,0.9971745610237122
260,60,0.4458260536193847,0.8336538672447205,0.9736750721931458,0.2266798764467239,0.906521737575531,0.9927563071250916
261,61,0.4099683165550232,0.8586538434028625,0.9789470434188844,0.0944945514202117,0.958695650100708,0.998696744441986
262,62,0.4392082989215851,0.8336538672447205,0.9745882153511048,0.661053478717804,0.7239130139350891,0.9461247324943542
263,63,0.4730193316936493,0.8384615182876587,0.9703010320663452,0.2528209984302521,0.947826087474823,0.99660986661911
264,64,0.4919192492961883,0.8259615302085876,0.969263792037964,0.0743542239069938,0.97826087474823,0.9995622634887696
265,65,0.3958370685577392,0.8442307710647583,0.9791430234909058,0.3815563917160034,0.8717391490936279,0.9888710975646972
266,66,0.431424468755722,0.8461538553237915,0.9752322435379028,4.258151531219482,0.5565217137336731,0.7727782130241394
267,67,0.3860543072223663,0.8682692050933838,0.980140507221222,0.4224918186664581,0.873913049697876,0.9766657948493958
268,68,0.4400553107261657,0.8326923251152039,0.9745078682899476,0.2316773235797882,0.919565200805664,0.9907030463218688
269,69,0.3837129175662994,0.8567307591438293,0.9806394577026368,0.1522979289293289,0.967391312122345,0.9973102807998656
270,70,0.3833868205547333,0.857692301273346,0.9801413416862488,0.135826751589775,0.963043451309204,0.9986318945884703
271,71,0.4099032282829284,0.8471153974533081,0.9769874215126038,0.1458338648080825,0.945652186870575,0.9965872764587402
272,72,0.5223634243011475,0.8163461685180664,0.9654982686042786,4.721547603607178,0.539130449295044,0.7684338688850403
273,73,0.422693520784378,0.8278846144676208,0.9766602516174316,0.1966835260391235,0.939130425453186,0.9969642162322998
274,74,0.5132356882095337,0.817307710647583,0.968138575553894,0.2062464207410812,0.960869550704956,0.9978999495506288
275,75,0.4394935965538025,0.8269230723381042,0.9752864241600036,0.2159024775028228,0.9304347634315492,0.9932702779769896
276,76,0.3924540281295776,0.8557692170143127,0.9794710874557496,0.118127517402172,0.976086974143982,0.9994117021560668
277,77,0.4469887316226959,0.8201923370361328,0.9730656743049622,0.290115088224411,0.919565200805664,0.9855634570121764
278,78,0.5048002600669861,0.8125,0.967843770980835,0.3095008730888366,0.936956524848938,0.9850112795829772
279,79,0.4411731958389282,0.829807698726654,0.974233627319336,0.1114983931183815,0.967391312122345,0.9973186254501344
280,80,0.414114385843277,0.8374999761581421,0.9767307639122008,0.2443061470985412,0.941304326057434,0.996851921081543
281,81,0.3867749571800232,0.8500000238418579,0.980077624320984,0.2009605765342712,0.928260862827301,0.9951287508010864
282,82,0.362700492143631,0.8605769276618958,0.9829142093658448,0.1916529685258865,0.95652174949646,0.996501088142395
283,83,0.3630976974964142,0.8788461685180664,0.9820526838302612,0.1276710778474807,0.97826087474823,0.9993112087249756
284,84,0.4204835891723633,0.8500000238418579,0.9755225777626038,0.4339179098606109,0.873913049697876,0.9855913519859314
285,85,0.4341659545898437,0.8423076868057251,0.9741432666778564,0.0797817409038543,0.967391312122345,0.999109148979187
286,86,0.47563236951828,0.8384615182876587,0.9710956811904908,0.0561431273818016,0.982608675956726,0.9986200332641602
287,87,0.4279743731021881,0.8365384340286255,0.9747611880302428,0.3703595399856567,0.895652174949646,0.990112841129303
288,88,0.4310636818408966,0.8384615182876587,0.976022243499756,0.1658968478441238,0.963043451309204,0.993687391281128
289,89,0.3561177551746368,0.8605769276618958,0.9827920794487,0.4010411202907562,0.8782608509063721,0.9796149134635924
290,90,0.4141626358032226,0.8519230484962463,0.977432906627655,0.1748931258916854,0.947826087474823,0.9941121339797974
291,91,0.4429586231708526,0.8336538672447205,0.9744787812232972,1.657526969909668,0.25,0.6183524131774902
292,92,0.4673041701316833,0.8259615302085876,0.9713749289512634,0.1450965404510498,0.95652174949646,0.9988079071044922
293,93,0.3958688080310821,0.8605769276618958,0.979309380054474,0.1542053520679474,0.949999988079071,0.9962435364723206
294,94,0.3983450829982757,0.8528845906257629,0.9791496992111206,0.1263148337602615,0.9717391133308412,0.999082088470459
295,95,0.4629945158958435,0.8423076868057251,0.972350299358368,0.538827657699585,0.8369565010070801,0.9711761474609376
296,96,0.4231340587139129,0.8278846144676208,0.9757314324378968,0.4594285488128662,0.845652163028717,0.9826618432998656
297,97,0.4242356121540069,0.8442307710647583,0.9771671295166016,0.0960711911320686,0.9739130139350892,0.997317373752594
298,98,0.4722204208374023,0.8278846144676208,0.9717175364494324,0.6066356301307678,0.854347825050354,0.9708429574966432
299,99,0.3875222504138946,0.8567307591438293,0.9795101881027222,0.1930865049362182,0.960869550704956,0.9973711371421814
300,100,0.3483388125896454,0.8730769157409668,0.9840067625045776,0.0919512882828712,0.982608675956726,0.9993619918823242
301,101,0.3709686696529388,0.862500011920929,0.980574369430542,0.1380198895931244,0.980434775352478,0.9993130564689636
302,102,0.3106482923030853,0.879807710647583,0.987177312374115,0.0674496963620185,0.9739130139350892,0.9992900490760804
303,103,0.3359085321426391,0.8730769157409668,0.9854249358177184,0.0483980439603328,0.989130437374115,0.999685764312744
304,104,0.3331675827503204,0.870192289352417,0.9847851395606996,0.2693087160587311,0.95652174949646,0.9977889657020568
305,105,0.3147346377372741,0.8807692527770996,0.9870359897613524,0.0214485377073287,0.997826099395752,0.9999852180480956
306,106,0.2536048591136932,0.9067307710647584,0.9915645122528076,0.1862166225910186,0.9434782862663268,0.9977445006370544
307,107,0.2547422647476196,0.8951923251152039,0.9907450675964355,0.0105704832822084,1.0,1.0
308,108,0.274817943572998,0.8980769515037537,0.9897549152374268,0.140861228108406,0.954347848892212,0.9985262155532836
309,109,0.2534001171588897,0.8999999761581421,0.991452932357788,0.0181036237627267,0.995652198791504,0.9999290704727172
310,110,0.2328839004039764,0.9105769395828248,0.9929338693618774,0.077785700559616,0.989130437374115,0.9998641610145568
311,111,0.2216566503047943,0.9134615659713744,0.9936333894729614,0.0269696414470672,0.997826099395752,0.9999728202819824
312,112,0.2298128306865692,0.9134615659713744,0.9933178424835204,0.0054944371804594,1.0,1.0
313,113,0.2578653693199157,0.9048076868057252,0.9907582998275756,0.0109084555879235,1.0,0.9999999403953552
314,114,0.233527660369873,0.9153845906257628,0.9929339289665222,0.0128053529188036,0.997826099395752,0.9999940395355223
315,115,0.21333609521389,0.9259615540504456,0.99372535943985,0.0330898165702819,0.995652198791504,0.999974012374878
316,116,0.226298987865448,0.9115384817123412,0.9928801655769348,0.0749300494790077,0.991304337978363,0.999949276447296
317,117,0.2171715945005417,0.917307674884796,0.993977189064026,0.013928291387856,0.997826099395752,0.9999929666519164
318,118,0.2207588106393814,0.9211538434028624,0.9929402470588684,0.0440058410167694,0.997826099395752,0.99995094537735
319,119,0.2009236216545105,0.925000011920929,0.995145320892334,0.0215958766639232,0.997826099395752,0.9999834299087524
320,120,0.2246100604534149,0.9163461327552797,0.9930096864700316,0.0135232796892523,0.997826099395752,0.9999940395355223
321,121,0.2063023298978805,0.9307692050933838,0.9943058490753174,0.0198079105466604,1.0,0.9999999403953552
322,122,0.2049638926982879,0.9269230961799622,0.9942683577537536,0.0163541100919246,1.0,0.9999988079071044
323,123,0.1925960183143615,0.925000011920929,0.9952784776687622,0.0185696855187416,1.0,1.0
324,124,0.1929348558187484,0.9240384697914124,0.9951804280281068,0.0121102184057235,1.0,1.0
325,125,0.19002166390419,0.9240384697914124,0.9953768849372864,0.0138926059007644,0.997826099395752,0.9999952912330629
326,126,0.2185779511928558,0.920192301273346,0.9929595589637756,0.0162418521940708,0.997826099395752,0.9999929070472716
327,127,0.1970470547676086,0.917307674884796,0.9950289130210876,0.0108104245737195,1.0,1.0
328,128,0.185792326927185,0.9307692050933838,0.9957037568092346,0.0069642891176044,1.0,1.0
329,129,0.1843166649341583,0.925000011920929,0.9953203201293944,0.0482127107679843,0.995652198791504,0.9999603629112244
330,130,0.1902465969324112,0.9278846383094788,0.9953216314315796,0.0106030311435461,1.0,0.9999999403953552
331,131,0.1981663554906845,0.9221153855323792,0.9947908520698548,0.0077990950085222,1.0,1.0
332,132,0.200050801038742,0.9182692170143129,0.9947043061256408,0.0105841141194105,1.0,1.0000001192092896
333,133,0.1723561584949493,0.9403846263885498,0.9963794350624084,0.0126830134540796,1.0,1.0000001192092896
334,134,0.1804745346307754,0.9240384697914124,0.9958702921867372,0.0128500284627079,1.0,0.9999999403953552
335,135,0.1738306134939193,0.9346153736114502,0.9962995648384094,0.0190652683377265,1.0,0.999997079372406
336,136,0.2063479572534561,0.9182692170143129,0.9941993951797484,0.0131134521216154,1.0,0.9999988675117492
337,137,0.1948031187057495,0.9240384697914124,0.9946915507316588,0.0100265135988593,0.997826099395752,0.9999975562095642
